82.264500
83.304400
82.501700
82.118500
82.205200
81.537800
83.311200
82.250600
81.855400
82.615000
82.576500
82.210700
82.061700
82.403200
82.590000
81.860100
82.075500
81.935000
82.855300
82.687500
82.098200
82.581100
82.493600
82.309800
82.672200
81.696000
82.914700
81.812000
81.989700
82.706800
81.813300
82.503000
82.800000
81.979000
81.860600
82.515300
82.677300
82.172300
82.596300
82.883200
82.107900
82.603700
81.764800
82.365600
81.847700
83.678000
81.735700
81.812900
82.145800
82.327600
82.121000
82.645300
82.107500
82.388700
82.150200
82.372000
82.320100
81.591700
81.999300
82.649400
81.814700
82.109300
80.981800
82.595700
82.352600
82.274200
82.341700
82.485200
82.118200
82.265400
83.578600
82.569300
81.629100
84.314000
81.757400
82.901100
81.971500
82.546000
82.816500
81.804300
82.450700
82.874200
81.818900
82.494300
82.322300
83.358600
81.703900
81.713900
82.241700
82.047300
81.985300
82.064200
82.977500
82.092800
82.477900
82.743700
81.748400
82.158500
81.961000
82.344500
82.521900
81.921500
82.153800
80.761400
81.814000
81.961000
82.045500
82.992900
82.024300
82.175700
82.538000
82.529200
82.085300
82.484800
81.774900
82.044800
82.080900
81.502200
82.828800
82.826300
81.957600
81.603600
82.216800
82.396200
81.678100
83.052700
81.896000
83.710400
82.550300
81.796700
83.205600
83.804100
83.382300
84.827700
82.849500
81.810200
81.442200
81.910200
81.987800
81.719900
82.521400
82.365300
82.236900
82.081600
81.795100
82.788800
81.821300
83.011000
82.100800
81.843200
82.077200
81.681800
82.652900
81.698000
81.727300
82.162400
82.216500
83.629400
81.526600
81.715800
82.561100
81.733400
81.742900
82.102900
81.623800
81.690000
81.457800
81.750900
82.365700
81.943400
82.637700
81.739700
82.028300
81.833900
82.705700
81.922400
81.968600
81.548100
81.345700
82.229600
82.453600
82.284900
82.333100
81.462100
82.716100
80.987000
81.677200
82.505900
82.166300
82.256800
81.441100
82.473700
83.332700
81.438500
83.080800
81.575800
81.702300
82.369700
81.611700
82.288800
81.702500
81.964100
81.779300
81.760900
81.886100
81.966000
81.420600
81.750700
81.717800
82.598600
81.485200
81.385100
82.061200
81.925300
81.434400
81.403400
82.895000
82.303200
81.867300
81.779500
81.558800
83.123800
82.497700
82.926700
81.923300
81.327700
81.543800
82.255300
81.693700
82.423800
81.837000
81.923200
81.574100
81.642600
82.250600
81.588000
81.606900
82.914200
81.364800
81.578000
81.350200
82.590200
81.956300
82.146700
81.932800
82.341300
81.375700
81.444500
82.208200
81.574200
81.593800
81.809600
81.671800
81.707800
81.475900
81.727500
81.932800
81.458100
82.018700
82.040100
81.550400
82.050300
81.671700
81.495200
81.629000
81.253300
81.502800
81.042600
81.543300
83.117400
81.395000
83.601200
81.434800
81.381500
82.402400
81.654800
82.016100
81.522600
81.926800
82.236600
81.602300
82.980100
81.817100
81.512300
81.847600
80.826400
82.428000
83.044600
82.305800
81.717300
81.410900
81.759900
81.661700
81.330900
82.040900
81.349900
81.543100
81.350300
81.737500
82.257200
81.747200
82.144700
81.449300
81.043900
82.389100
81.523100
81.465800
81.344300
81.003900
81.814500
81.678300
82.306600
81.548700
82.271700
81.815400
81.962300
82.729600
81.297700
81.543700
82.288100
81.180300
81.684100
81.287200
82.361900
81.030200
81.365000
81.866100
81.177900
82.727600
81.306900
81.228000
82.906200
82.712600
82.723000
81.171400
81.053100
83.254300
81.107100
81.636300
82.204800
81.102100
82.392400
81.179100
81.270200
82.661600
81.153100
81.540100
82.118400
81.523700
81.240000
81.379200
82.417000
81.332000
81.173600
81.624200
81.208700
81.769400
81.521000
81.562600
82.053000
81.092400
81.719000
81.726700
80.992600
81.792600
81.750900
81.593200
81.468700
80.905200
82.562600
82.101200
81.665500
81.907300
81.236800
81.580800
81.636800
81.075400
81.214600
81.150300
82.015500
81.682600
82.356500
81.436300
81.569700
82.161100
80.988300
81.173000
81.914800
81.405200
81.467100
81.173400
81.205800
81.170300
82.581000
81.633600
81.118800
81.117600
81.763300
80.950300
81.462200
81.561400
81.355100
81.458700
81.420100
81.709900
81.074600
81.201700
81.747400
81.238700
81.066000
81.013700
81.481200
81.737100
81.658700
81.691000
81.686600
81.083500
81.802500
81.212500
82.087400
81.876700
81.906600
81.105100
81.002600
81.530300
81.163400
81.612300
81.524300
81.436800
81.266300
82.163200
81.300600
82.640800
81.285300
81.075600
81.532900
81.399400
81.514200
81.399200
80.697800
82.929200
80.928200
81.019600
81.088300
81.334200
81.099100
81.172600
81.214200
81.471900
81.779200
80.878400
81.096100
81.020100
81.144700
81.347600
81.185700
81.271700
81.018900
81.488700
81.825400
81.492500
81.053200
81.657000
81.183000
81.866300
81.124900
81.335300
80.952000
81.248800
81.301200
81.087600
80.972100
81.233100
82.003200
81.719300
81.292600
81.512800
81.515200
81.538300
81.322500
81.417900
81.385000
81.609000
81.855000
81.166900
81.136300
80.922400
81.082100
81.291900
81.731600
81.322500
80.801900
80.994100
81.578600
81.212400
81.138400
81.053700
80.919500
81.429100
81.156700
82.389700
81.352800
81.212900
83.946000
80.938500
81.829900
Average: 82.039217
