59.066000
59.270500
59.935300
59.500000
58.840400
59.406300
59.106200
58.887500
59.014400
60.272600
59.158200
59.004300
59.067900
59.221000
59.008200
58.770000
58.818800
59.143300
59.412300
58.619000
60.514300
59.363900
58.707500
61.038400
59.133900
59.033900
60.475100
60.135000
59.085000
59.260100
61.827700
59.515700
58.843300
59.330500
59.988400
59.059900
59.248000
59.861100
59.123500
59.021800
59.821800
59.359100
58.953000
60.108900
59.545600
58.952500
59.254400
59.210600
59.061000
58.848000
59.239900
61.182000
59.461100
59.182200
59.446600
59.366000
58.999700
59.231600
59.652500
59.047000
59.315800
59.724400
58.951800
59.371200
59.591300
60.331600
59.749300
59.618000
59.630900
58.879200
59.603900
59.536100
59.811400
59.361500
59.205900
60.905900
59.387100
59.346300
60.176900
61.864200
60.317900
59.422500
59.591300
58.984700
59.179900
59.235100
58.843200
59.472500
59.147900
59.129600
58.965500
59.682000
60.194200
59.057900
58.983800
59.265800
59.507100
59.213600
60.013900
59.621500
58.813800
58.992200
59.248700
60.122400
59.325800
58.954800
59.374600
61.119000
59.419000
59.245700
59.408800
59.515900
59.493500
60.012400
59.342300
59.240800
59.410300
59.714100
58.955100
60.267500
59.194800
59.207900
59.533800
60.195300
59.863500
59.014600
59.399300
60.247300
59.654800
59.478000
59.341400
59.783400
59.845800
59.700900
59.895700
61.286800
59.449000
59.623000
59.729500
60.491200
59.567000
59.411200
59.097900
59.381400
59.420500
59.255400
58.954000
59.600500
59.082900
59.116500
59.095400
59.427100
59.010500
59.600800
59.466900
59.624900
59.048100
58.802800
59.400700
59.078700
58.733800
59.333700
58.983800
61.452300
60.552200
59.169900
60.721800
59.996400
59.115900
59.101900
59.164000
59.634600
59.339000
59.130900
60.045200
59.802500
59.008700
60.197600
59.897500
58.850700
59.850600
59.622300
58.956400
59.062300
58.915300
59.050700
58.883300
58.710500
59.249900
58.982100
58.641900
60.809600
59.736000
58.728500
59.465700
59.502500
59.096000
58.972900
60.112000
59.556800
60.622300
59.375400
59.548300
59.313300
59.589600
59.266600
59.407200
58.806300
60.638100
59.491100
59.752500
59.189900
59.483700
59.121300
59.585000
58.825600
59.604700
59.156200
58.914200
61.483500
59.292000
59.181800
59.329700
58.943900
59.010900
58.966400
59.663300
59.043600
58.606300
59.008500
59.687700
58.987800
59.171600
58.778600
58.762500
59.747400
60.342700
59.327100
59.042300
59.131800
60.137800
59.353100
59.232900
59.794700
59.110200
59.632500
59.487200
61.931700
59.097700
59.212700
59.271000
59.223300
59.311100
58.990000
59.596900
58.718800
59.340600
59.217800
59.102400
59.491900
59.362900
59.199400
59.322500
59.245900
59.728800
59.944200
59.253300
59.499800
58.859800
59.092800
59.375400
59.991700
58.602600
58.634300
60.063900
60.957800
59.455400
60.130400
59.412000
59.329100
58.977100
60.001400
59.093700
59.383100
59.508300
59.108900
59.392800
59.799600
58.933400
59.018800
58.964000
58.776400
59.667200
59.359900
59.072400
59.361200
59.145800
59.603500
59.038800
58.824400
58.774000
59.456900
58.667100
60.749000
59.557300
59.208000
59.436500
58.772700
59.849400
59.356400
59.222600
59.395600
59.785700
59.194600
59.420900
59.409800
59.463200
59.217100
64.673400
59.833800
59.026700
59.190300
59.284600
59.253600
59.396100
59.507000
58.985400
60.080200
60.266800
59.599000
58.807300
60.953100
60.136800
60.863700
59.281800
58.965300
59.062700
59.394700
59.599500
59.769000
58.993500
58.716500
59.690200
58.871000
58.747400
60.493100
59.154200
58.564600
59.020700
60.422600
59.104500
59.029800
59.014100
59.060400
59.147500
59.116500
59.821300
59.034100
58.436400
62.053800
59.495700
58.660600
59.314800
60.216000
59.056600
59.295800
59.377500
59.633100
58.872900
59.472600
59.263800
58.960700
59.016800
59.372200
59.227100
60.411700
59.630900
59.617000
59.587200
59.323900
60.269100
58.810500
59.451500
59.226300
59.392600
59.243800
59.541600
61.528500
59.372400
58.982400
59.808400
59.021300
59.926700
60.237300
59.680400
58.988800
58.859600
59.493700
59.483600
59.277700
59.713500
59.212700
59.220300
59.678400
59.576200
59.190800
58.647300
58.930600
59.137200
58.306400
58.436900
58.794400
58.816900
59.400000
59.087300
58.371300
61.413300
Average: 59.589767
