1922.069200
1934.273500
1933.981500
1916.380000
1930.116600
1931.633100
1926.627700
1919.032300
1920.097300
1920.473700
1916.088800
1921.843700
1918.055700
1925.687000
1921.815700
1922.168600
1921.075400
1921.581800
1916.094400
1922.916000
1922.991900
1928.151400
1921.205800
1918.530400
1921.049300
1921.588200
1920.719900
1918.289700
1920.908700
1919.243100
1917.652700
1921.669500
1916.565200
1921.988000
1927.636600
1919.084400
1923.280500
1922.276600
1921.260700
1919.276800
1922.797100
1918.542400
1917.347500
1919.347200
1922.434900
1925.563600
1927.739000
1928.450400
1923.986000
1917.189500
1917.923700
1930.269000
1928.903700
1926.786800
1925.658100
1932.120500
1929.178000
1922.059200
1917.604700
1918.458500
1917.433300
1916.509500
1916.785900
1919.612100
Average: 1922.313781
